%YAML:1.0
---
model_type: PINHOLE
camera_name: camera
image_width: 160
image_height: 120
distortion_parameters:
   # k1: -0.21403555196787452
   # k2: -0.12015657312501209
   # p1: 0.011449002301688037
   # p2: 0.004818743751258012

   # k1: -0.30547718535816165
   # k2: 0.07790439680579729
   # p1: -0.0012190210518287308
   # p2: 0.004422604278348

   # k1: -0.3215140228925959
   # k2: 0.11569800752183834
   # p1: -0.005672323428809237
   # p2: 0.007406087086885185

   # lepton_r
   # k1: -0.2797725833516457
   # k2: 0.044105629858498065
   # p1: 0.0025989289634395433
   # p2: -0.001303911104938824

   # lepton_l
   # k1: -0.32590143
   # k2: 0.10776812
   # p1: -0.00382091
   # p2: 0.00150906
   # k1: -0.3261209003443238
   # k2: 0.1096603539574432
   # p1: -0.0036298473018019487
   # p2: 0.0021030630508016767

   # lepton57
   # k1: -0.335182009491713
   # k2: 0.12939387456326099
   # p1: -0.00047288637717254065
   # p2: -0.0015725916059036802

   # lepton95 - 9/5
   k1: -0.3643409153761675
   k2: 0.10435561893494869
   p1: 0.0035637510254646347
   p2: -0.00029723953442024507

projection_parameters:
   # fx: 154.31845129679417
   # fy: 154.71909775046709
   # cx: 74.64301724934508
   # cy: 34.62844267534305

   # fx: 158.8095295837617
   # fy: 159.85104556021102
   # cx: 66.30973365638884
   # cy: 39.75164997617934

   # fx: 162.92788631247836
   # fy: 164.0956598924672
   # cx: 60.95085885292041
   # cy: 51.278921322813765

   # lepton_r
   # fx: 57.42970949516857
   # fy: 57.866730182783
   # cx: 78.38014894293065
   # cy: 57.59889121786092

   # lepton_l
   # fx: 162.67976887
   # fy: 163.22097519
   # cx: 69.14366527
   # cy: 58.05988335
   # fx: 162.2613485482388
   # fy: 162.79618027605872
   # cx: 68.78548544176658
   # cy: 57.87231552781695

   # lepton57
   # fx: 161.97626531352145
   # fy: 162.66369168919226
   # cx: 74.08369912368983
   # cy: 55.14397107746534

   # lepton95 - 9/5
   fx: 102.99276845980005
   fy: 104.12488148462494
   cx: 80.6770424177148
   cy: 55.075269378328414
