%YAML:1.0
---
model_type: KANNALA_BRANDT
camera_name: camera
image_width: 160
image_height: 120
distortion_parameters:
   k1: -0.05408384188657324
   k2: -0.017071462572295585
   k3: 0.010412662360266452
   k4: -0.002555272744493229
projection_parameters:
   fx: 49.50061874226912
   fy: 49.792528131049075
   cx: 76.66503466688448
   cy: 61.57570809114864
